{
  "id": "cll44_cr84",
  "edges": [
    "Av. San Juan >Oriente",
    "Av. San Juan >Occidente",
    "Carrera 84 >(N)",
    "Carrera 84 >(S)"
  ],
  "flexi": 1,
  "entries": {
    "Av_San_Juan_Oriente-f-ENT": "Av. San Juan >Oriente",
    "Av_San_Juan_Occidente-f-ENT": "Av. San Juan >Occidente",
    "Carrera_84_N-f-ENT": "Carrera 84 >(N)",
    "Carrera_84_S-f-ENT": "Carrera 84 >(S)",
    "Av_San_Juan_Oriente-f-SAL": "Av. San Juan >Oriente",
    "Carrera_84_S-f-SAL": "Carrera 84 >(S)",
    "Av_San_Juan_Occidente-f-SAL": "Av. San Juan >Occidente"
  },
  "sinks": [
    [ 0.8, 0.0, 1.0, 0.2 ],
    [ 0.2, 0.0, 0.0, 0.6 ],
    [ 0, 1.0, 0.0, 0.2 ]
  ],
  "ignore": {
    "flow": [],
    "speed": [],
    "queue": []
  },
  "routes": [
    [
      "Av. San Juan >Oriente",
      "Av. San Juan >Oriente",
      1,
      "5",
      1000,
      3,
      98
    ],
    [
      "Av. San Juan >Oriente",
      "Carrera 84 >(S)",
      1,
      "5",
      1000,
      1,
      98
    ],
    [
      "Av. San Juan >Occidente",
      "Av. San Juan >Occidente",
      1,
      "3-4-5",
      1600,
      3,
      134
    ],
    [
      "Carrera 84 >(N)",
      "Av. San Juan >Oriente",
      1,
      "3",
      800,
      1,
      200
    ],
    [
      "Carrera 84 >(S)",
      "Carrera 84 >(S)",
      1,
      "1",
      1100,
      1,
      127
    ],
    [
      "Carrera 84 >(S)",
      "Av. San Juan >Occidente",
      1,
      "1",
      1100,
      1,
      127
    ],
    [
      "Carrera 84 >(S)",
      "Av. San Juan >Oriente",
      1,
      "1",
      1100,
      1,
      127
    ]
  ],
  "cluster_order": [
    1,
    1,
    1,
    1,
    1,
    2,
    5,
    5,
    5,
    5,
    7,
    7,
    5,
    7,
    7,
    7,
    7,
    5,
    3,
    3,
    4,
    4,
    0,
    2
  ],
  "phases": 6,
  "min_phase_time": [
    13,
    1,
    13,
    1,
    13,
    22
  ],
  "max_phase_time": [
    "inf",
    "inf",
    "inf",
    "inf",
    "inf",
    22
  ],
  "strings": [
    [
      "GGGGrrrrrrrr",
      1
    ],
    [
      "yyyyrrrrrrrr",
      1
    ],
    [
      "rrrrrrrrrrrr",
      2
    ],
    [
      "rrrrGGGGrrrr",
      3
    ],
    [
      "rrrrGGGyrrrr",
      3
    ],
    [
      "rrrrGGGrrrrr",
      4
    ],
    [
      "rrrrGGGrGGGG",
      5
    ],
    [
      "rrrryyyryyyy",
      5
    ],
    [
      "rrrrrrrrrrrr",
      6
    ]
  ],
  "singular_vectors": [
    [
      -0.2684166485734653,
      -0.13111422625087268,
      -0.44339721244628666,
      -0.3107397167103541,
      -0.7202784746471298,
      -0.2401271597409053,
      -0.1932621695929434,
      -0.002531210546359642,
      -0.0032103777724564807,
      -0.0018403926806522522,
      -0.0014932778326783695,
      -0.040628652117627125,
      -0.025549787664298544,
      -0.02593805338663437,
      -0.028112465270823474
    ],
    [
      -0.007873302819876377,
      -0.06376157176626594,
      0.4188576413037106,
      -0.718926866637433,
      0.268773625720323,
      -0.4329307805464348,
      -0.2075469450937522,
      -0.0013737440223648822,
      -0.0001736705533176386,
      -0.0018901473612660759,
      0.0017280877717527475,
      -0.009486650343631407,
      -0.011435185216919228,
      6.996835145253735e-05,
      -0.024527772056998107
    ],
    [
      0.7978818842589038,
      0.12508565371471628,
      -0.49335776791983255,
      -0.2881071535371612,
      0.08732630877985982,
      -0.01328791527051667,
      0.06746422300728314,
      -0.004053576648893556,
      -0.0005562657627022097,
      0.0024358306975784077,
      0.0025658719468050206,
      0.08816494542133782,
      0.030192110910618835,
      0.011891920759634534,
      0.011013074491140753
    ]
  ],
  "clusters": [
    {
      "centroid": [
        -3491.556997053618,
        36.7537544446184,
        107.776455990562
      ],
      "plan": "????"
    },
    {
      "centroid": [
        -3899.2729749073023,
        299.3014191507409,
        -84.27976959521514
      ],
      "plan": "????"
    },
    {
      "centroid": [
        -3621.6691108306663,
        -210.7130725996345,
        2.313261996106767
      ],
      "plan": "????"
    },
    {
      "centroid": [
        -3720.315657815759,
        267.5255010085567,
        -248.71617449841276
      ],
      "plan": "????"
    },
    {
      "centroid": [
        -3349.1084803188323,
        -23.88586527500042,
        -16.87122818129199
      ],
      "plan": "????"
    },
    {
      "centroid": [
        -3445.1849489783895,
        -235.1561340675213,
        -169.79154046932183
      ],
      "plan": "????"
    },
    {
      "centroid": [
        -4041.35427123955,
        47.390267565860356,
        -177.75673750508759
      ],
      "plan": "????"
    },
    {
      "centroid": [
        -3449.8468943877333,
        37.455251178226945,
        62.50884231094143
      ],
      "plan": "????"
    }
  ],
  "distance_matrix": [
    [
      0.0,
      521.583347726976,
      298.81679659348777,
      482.36202118202425,
      198.76063133600368,
      391.31745038028856,
      619.6122841757444,
      61.55795326611566
    ],
    [
      521.583347726976,
      0.0,
      587.0920202709698,
      245.10153318955454,
      641.6189705548179,
      706.5076605685846,
      303.94780241004537,
      540.4573194234753
    ],
    [
      298.81679659348777,
      587.0920202709698,
      0.0,
      549.0528685888413,
      331.00112894837235,
      247.71795588993496,
      524.5742776694028,
      307.78872441906526
    ],
    [
      482.36202118202425,
      245.10153318955454,
      549.0528685888413,
      0.0,
      525.8017042167827,
      578.4590141442509,
      395.6773357299486,
      472.17230216866653
    ],
    [
      198.76063133600368,
      641.6189705548179,
      331.00112894837235,
      525.8017042167827,
      0.0,
      277.93962692646664,
      714.2609252021108,
      142.16946306502564
    ],
    [
      391.31745038028856,
      706.5076605685846,
      247.71795588993496,
      578.4590141442509,
      277.93962692646664,
      0.0,
      659.7831266750632,
      358.1929213991565
    ],
    [
      619.6122841757444,
      303.94780241004537,
      524.5742776694028,
      395.6773357299486,
      714.2609252021108,
      659.7831266750632,
      0.0,
      638.5195613801291
    ],
    [
      61.55795326611566,
      540.4573194234753,
      307.78872441906526,
      472.17230216866653,
      142.16946306502564,
      358.1929213991565,
      638.5195613801291,
      0.0
    ]
  ],
  "avg_distance": 440.0659545536181
}